# Created by Octave 2.9.15, Wed Mar 05 17:08:53 2008 CST <yye00@fmws01.cct.lsu.edu>
# name: InterpDensity
# type: matrix
# rows: 1
# columns: 401
 NA NA 2.8225 2.8388 2.844050000000001 2.841675 2.831599999999998 2.817962500000001 2.811774999999999 2.813200000000001 2.8197 2.832 2.8315 2.831 2.8305 2.834892307692308 2.840507692307692 2.8460375 2.851225000000001 2.856412500000001 2.8616 2.866787499999999 2.869385714285714 2.8681 2.863183333333333 2.857479999999999 2.851579999999999 2.842500000000002 2.831833333333333 2.816520000000001 2.807907142857144 2.804442857142858 2.800978571428573 2.794328571428574 2.7829 2.760833333333333 2.7388 2.72025 2.719125 2.735866666666667 2.763 2.7779 2.7902 2.795374999999999 2.7980625 2.793879999999999 2.778033333333334 2.7627 2.75718 2.763 2.770899999999999 2.7794 2.7897 2.806019999999996 2.815479999999997 2.818450000000001 2.813575 2.79145 2.769599999999997 2.695833333333333 2.665085714285711 2.634833333333333 2.627159999999999 2.627212500000001 2.6299 2.6462 2.658474999999999 2.6636625 2.671340000000002 2.67715 2.6847 2.708433333333333 2.7584 2.809 2.8341 2.864566666666664 2.870375 2.87175 2.869814285714285 2.865183333333334 2.8586 2.8385 2.82755 2.827674999999999 2.830362500000001 2.828728571428572 2.825800000000001 2.824039999999999 2.830133333333333 2.8492 2.8641 2.8623 2.8564 2.8484 2.841816666666666 2.8285 2.823674999999999 2.826362500000001 2.831033333333335 2.835462500000001 2.8394 2.843900000000001 2.8538 2.857737499999999 2.858150000000001 2.853275 2.839757142857143 2.837042857142857 2.837759999999999 2.844166666666666 2.851 2.8572 2.856584615384615 2.859140000000002 2.851087499999999 2.836266666666667 2.8297 2.826837499999999 2.832025000000001 2.840280000000003 2.847512500000001 2.8527 2.8488 2.8409 2.839775 2.839518181818182 2.840563636363636 2.839820000000001 2.832320000000001 2.8281375 2.830825000000001 2.8421 2.8503 2.849527272727272 2.848754545454545 2.835966666666669 2.829857142857144 2.825642857142857 2.829000000000002 2.839899999999999 2.8434 2.8375 2.8296 2.823412500000002 2.822219999999998 2.8314 2.84635 2.869737499999999 2.874925000000001 2.874824999999999 2.8712 2.867575000000001 2.8614 2.865337499999999 2.868579999999999 2.869227272727273 2.867545454545455 2.864620000000001 2.855900000000002 2.8443 2.842220000000001 2.845420000000001 2.8589 2.8671 2.875683333333335 2.883960000000002 2.8872 2.889200000000001 2.885259999999997 2.880359999999999 2.877459999999999 2.876954545454546 2.878045454545454 2.876340000000002 2.871325000000001 2.867637499999999 2.86786 2.86906 2.880739999999999 2.8847125 2.879774999999999 2.8597 2.8397 2.8277 2.832949999999999 2.849566666666667 2.8736 2.8891875 2.890625 2.886399999999997 2.878459999999997 2.8673 2.8594 2.849040000000002 2.847074999999999 2.8510125 2.856760000000001 2.85915 2.8608375 2.863525000000001 2.867120000000001 2.8719 2.877479999999998 2.882879999999999 2.887079999999999 2.888300000000001 2.88375 2.87885 2.86992 2.8700375 2.870225 2.8704 2.864040000000002 2.857525000000002 2.850087499999999 2.842279999999998 2.8418 2.8436875 2.847625000000001 2.852980000000002 2.857075000000001 2.8597 2.8586375 2.856440000000001 2.854649999999999 2.856025 2.85945 2.865333333333334 2.874357142857144 2.878625 2.87625 2.875381818181818 2.875518181818182 2.876674999999999 2.8793625 2.88405 2.8923 2.912700000000003 2.916125 2.915 2.9071 2.8971 2.8852 2.880262500000001 2.873825000000002 2.865137499999999 2.855479999999998 2.8526 2.853339999999998 2.862633333333334 2.8783 2.8865 2.8948 2.891112500000001 2.887450000000001 2.883825 2.8847 2.886700000000001 2.888442857142858 2.889475 2.88835 2.886474999999999 2.8841 2.877040000000001 2.874140000000001 2.87583333333333 2.8878 2.9145 2.937283333333334 2.9357 2.9156 2.910725000000001 2.904640000000003 2.897540000000002 2.890840000000003 2.884625000000001 2.880937499999999 2.881072727272727 2.882163636363637 2.886320000000002 2.8949 2.9072 2.9316 2.949933333333334 2.973666666666666 2.99265 2.9935 2.984233333333333 2.951366666666666 2.9266 2.9025 2.8906 2.891975 2.890440000000002 2.88595 2.883575 2.890139999999999 2.892720000000001 2.88922 2.887050000000001 2.8838 2.8799 2.8788375 2.882279999999996 2.892533333333333 2.901160000000002 2.908775 2.90765 2.900475 2.896849999999999 2.890599999999997 2.88445 2.87927142857143 2.8737 2.872927272727273 2.872154545454545 2.875360000000001 2.881666666666669 2.895333333333333 2.911633333333334 2.9232 2.920825000000001 2.9114 2.909025000000001 2.902266666666667 2.897230769230769 2.894269230769231 2.889920000000002 2.880666666666667 2.867333333333333 2.8278 2.7815 2.7715 2.7818 2.796066666666666 2.833233333333333 2.85113 2.85228 2.8542375 2.859425000000001 2.866480000000003 2.8799 2.893419999999997 2.898060000000001 2.89721 2.895645454545456 2.893009090909092 2.889675 2.883549999999999 2.876299999999997 2.868359999999997 2.86025 2.852140000000003 2.8394 2.821740000000001 2.8154 2.81855 2.8278 2.854933333333333 2.883224999999999 2.88585 2.8971 2.9033 2.907140000000002 2.900440000000003 2.890366666666667 2.8676 2.857125 2.85475 2.862633333333334 2.8763 2.8885 2.8927 2.896200000000001 2.892179999999999 2.89115 2.8918375 2.894525000000001 2.895685714285714 2.895325 2.892949999999999 2.891325 2.8902 2.892887499999999 2.89455 2.894675 2.887120000000001 2.8718 2.860133333333333 2.845816666666667 2.8409 2.833 2.817 2.803740000000003 2.799099999999995 2.78223333333334 2.735660869565217 2.734152173913044 2.732369565217392 2.732454929577464 2.735342253521125
