# Created by Octave 2.9.15, Wed Mar 05 17:14:04 2008 CST <yye00@fmws01.cct.lsu.edu>
# name: InterpGR
# type: matrix
# rows: 1
# columns: 401
 NA 31.9816000000006 28.122 26.4675 26.24299999999988 27.24300000000023 28.4485 30.876 31.53766666666677 30.99959999999985 30.8144 31.88400000000041 34.043 35.653 33.999 31.94066666666636 28.4074000000006 27.13566666666688 26.67487499999995 27.16425000000011 26.3675999999994 24.7135999999994 23.225 20.754 21.4165000000001 22.18420000000014 24.7755 27.74866666666667 31.267 35.327 35.305 34.60666666666656 33.1437999999997 33.44820000000014 38.21833333333333 48.267 58.856 63.73533333333334 67.63220000000014 67.12059999999985 61.49733333333334 54.94533333333334 51.659 45.655 40.736 39.898 41.508 44.21133333333334 47.184 47.1636 47.27833333333324 47.94 47.919 46.264 43.1434000000006 41.055 37.4959999999998 38.8365 42.08166666666666 61.653 72.24633333333333 81.613 92.61233333333332 93.73419999999969 91.756 83.572 77.02 72.917 72.89866666666666 72.22459999999985 72.0402 71.47733333333312 61.66033333333333 46.402 38.218 31.93833333333334 29.98062499999988 29.45 31.061 32.40266666666687 33.95980000000029 33.96927272727262 33.57836363636351 32.79762499999976 31.757 32.552 33.346 34.6885000000002 34.28659999999985 31.2455 26.3265 22.90533333333333 21.797625 21.777 23.388 27.447 31.51033333333334 33.61180000000029 33.37533333333312 33.08279999999999 33.06079999999999 32.633 31.8788000000003 29.733 26.44966666666667 25.2055 25.592 27.47633333333374 28.30700000000011 28.797 27.143 23.856 24.51766666666677 27.35333333333333 30.87166666666667 33.70733333333324 34.369 34.347 34.32700000000001 35.39566666666666 35.9184 36.55000000000015 38.32666666666667 68.51000000000001 87.53700000000001 148.47 196.6157142857143 196.5942857142857 196.5728571428571 165.53 131.63 103.1733333333333 86.83 68.851 61.21066666666667 53.57066666666729 52.02187499999994 52.51125000000011 54.86933333333354 53.491 43.674 37.939 33.6746000000009 32.59199999999977 33.59200000000011 33.7744 32.12333333333271 28.1828000000006 24.462 22.87800000000023 23.878 25.38799999999966 26.08175000000012 25.55112499999994 24.1217999999997 22.14366666666604 20.3275999999994 19.95962500000011 20.449 22.876 24.28575000000012 23.75512499999994 20.69580000000045 17.489 16.24357142857142 16.22428571428571 16.205 15.367 15.34637500000001 15.326 15.306 15.2855 15.26487499999999 15.24424999999999 15.83600000000023 16.836 17.32599999999989 18.1569999999996 19.32887499999995 19.81825000000011 20.30800000000011 20.798 22.408 24.835 33.5239999999996 39.81460000000044 40.28599999999999 34.55219999999851 28.1633999999991 20.634 14.899 14.878375 15.83679999999912 19.46233333333333 27.55139999999956 30.57766666666667 32.73527272727272 32.71572727272728 32.36880000000031 31.5308000000003 33.46966666666667 33.24687500000012 32.20624999999976 28.51033333333333 26.55262499999988 26.022 26.001375 26.38899999999977 27.38900000000011 29.53060000000044 32.93939999999956 34.87687500000001 34.85625 33.205 28.285 25.40975000000024 24.36912499999988 24.5525 26.163 32.97887500000006 32.44824999999988 31.61162499999976 30.571 27.284 25.63275000000001 25.612125 26.89680000000029 32.37349999999979 33.716 32.878 28.775 24.672 21.389 19.89859999999985 21.67260000000044 23.23200000000041 23.14462499999976 22.104 16.368 13.898 12.244 12.223375 13.29233333333333 15.77380000000044 19.71387499999988 20.71325000000023 22.735 25.32739999999912 27.86433333333333 29.04060000000014 29.83510000000015 29.5695 28.59733333333333 25.042 21.755 19.7768000000003 18.93880000000031 18.42775 18.407125 16.55187500000012 15.51124999999976 17.80133333333313 22.408 30.549 34.61233333333333 35.4085 34.84433333333334 32.7559999999994 30.6119999999991 24.716 18.164 14.06 14.04 14.22399999999989 14.71400000000006 16.59279999999986 17.76866666666667 20.30620000000089 22.082 25.325 27.75420000000001 26.10166666666667 22.4912000000003 21.163875 21.14324999999999 22.757 21.102 17 10.448 9.069333333333125 9.429200000000145 12.0205 13.223 14.15533333333333 16.858 20.101 22.85699999999971 23.52974999999989 24.01912500000006 20.838 18.69519999999969 18.347625 18.327 19.938 20.59966666666677 20.7148 20.6933 19.04 17.3855 16.27733333333333 15.715 16.20499999999989 16.1638000000003 16.19766666666667 16.4484 16.42836363636363 16.40881818181818 16.38862499999999 18.001 19.20599999999977 20.20600000000011 17.667 14.38066666666688 12.592 10.52945 9.692825000000003 9.672449999999996 10.06165 10.45075 10.430125 11.4959999999998 12.18479999999986 12.91799999999994 13.40800000000011 14.409 29.08 47.429 52.17000000000041 51.7145999999994 33.89733333333334 15.91833333333271 14.47062499999976 13.43 18.305 18.284 17.58566666666656 16.61133333333333 16.9995 16.89719999999971 18.59049999999969 20.613 19.57237500000024 14.039 11.30066666666625 8.77627999999955 7.44955 6.531020000000078 6.101120000000078 5.753245454545458 5.733472727272729 5.7137 4.0594 3.528837500000121 3.610474999999773 4.610412500000113 5.340000000000201 5.592574999999996 5.5722 6.061949999999888 7.653079999998821 10.68033333333333 12.50900000000029 15.59119999999971 16.875875 16.85524999999999 17.6525 19.10239999999941 21.69366666666667 22.49036363636363 22.47081818181818 20.4907999999988 16.57733333333344 11.797 11.777 12.73579999999912 15.27266666666667 19.55080000000029 22.8510000000002 21.6333999999991 20.02062499999976 15.715 15.18437500000012 15.18399999999971 15.97859999999971 16.7199999999998 17.57219999999971 19.26533333333303 32.715 40.855 47.3514 NA
