# Created by Octave 2.9.15, Wed Mar 05 17:08:48 2008 CST <yye00@fmws01.cct.lsu.edu>
# name: InterpDepth
# type: matrix
# rows: 1
# columns: 401
 3400 3400.5 3401 3401.5 3402 3402.5 3403 3403.5 3404 3404.5 3405 3405.5 3406 3406.5 3407 3407.5 3408 3408.5 3409 3409.5 3410 3410.5 3411 3411.5 3412 3412.5 3413 3413.5 3414 3414.5 3415 3415.5 3416 3416.5 3417 3417.5 3418 3418.5 3419 3419.5 3420 3420.5 3421 3421.5 3422 3422.5 3423 3423.5 3424 3424.5 3425 3425.5 3426 3426.5 3427 3427.5 3428 3428.5 3429 3429.5 3430 3430.5 3431 3431.5 3432 3432.5 3433 3433.5 3434 3434.5 3435 3435.5 3436 3436.5 3437 3437.5 3438 3438.5 3439 3439.5 3440 3440.5 3441 3441.5 3442 3442.5 3443 3443.5 3444 3444.5 3445 3445.5 3446 3446.5 3447 3447.5 3448 3448.5 3449 3449.5 3450 3450.5 3451 3451.5 3452 3452.5 3453 3453.5 3454 3454.5 3455 3455.5 3456 3456.5 3457 3457.5 3458 3458.5 3459 3459.5 3460 3460.5 3461 3461.5 3462 3462.5 3463 3463.5 3464 3464.5 3465 3465.5 3466 3466.5 3467 3467.5 3468 3468.5 3469 3469.5 3470 3470.5 3471 3471.5 3472 3472.5 3473 3473.5 3474 3474.5 3475 3475.5 3476 3476.5 3477 3477.5 3478 3478.5 3479 3479.5 3480 3480.5 3481 3481.5 3482 3482.5 3483 3483.5 3484 3484.5 3485 3485.5 3486 3486.5 3487 3487.5 3488 3488.5 3489 3489.5 3490 3490.5 3491 3491.5 3492 3492.5 3493 3493.5 3494 3494.5 3495 3495.5 3496 3496.5 3497 3497.5 3498 3498.5 3499 3499.5 3500 3500.5 3501 3501.5 3502 3502.5 3503 3503.5 3504 3504.5 3505 3505.5 3506 3506.5 3507 3507.5 3508 3508.5 3509 3509.5 3510 3510.5 3511 3511.5 3512 3512.5 3513 3513.5 3514 3514.5 3515 3515.5 3516 3516.5 3517 3517.5 3518 3518.5 3519 3519.5 3520 3520.5 3521 3521.5 3522 3522.5 3523 3523.5 3524 3524.5 3525 3525.5 3526 3526.5 3527 3527.5 3528 3528.5 3529 3529.5 3530 3530.5 3531 3531.5 3532 3532.5 3533 3533.5 3534 3534.5 3535 3535.5 3536 3536.5 3537 3537.5 3538 3538.5 3539 3539.5 3540 3540.5 3541 3541.5 3542 3542.5 3543 3543.5 3544 3544.5 3545 3545.5 3546 3546.5 3547 3547.5 3548 3548.5 3549 3549.5 3550 3550.5 3551 3551.5 3552 3552.5 3553 3553.5 3554 3554.5 3555 3555.5 3556 3556.5 3557 3557.5 3558 3558.5 3559 3559.5 3560 3560.5 3561 3561.5 3562 3562.5 3563 3563.5 3564 3564.5 3565 3565.5 3566 3566.5 3567 3567.5 3568 3568.5 3569 3569.5 3570 3570.5 3571 3571.5 3572 3572.5 3573 3573.5 3574 3574.5 3575 3575.5 3576 3576.5 3577 3577.5 3578 3578.5 3579 3579.5 3580 3580.5 3581 3581.5 3582 3582.5 3583 3583.5 3584 3584.5 3585 3585.5 3586 3586.5 3587 3587.5 3588 3588.5 3589 3589.5 3590 3590.5 3591 3591.5 3592 3592.5 3593 3593.5 3594 3594.5 3595 3595.5 3596 3596.5 3597 3597.5 3598 3598.5 3599 3599.5 3600
